diary('newdiary')
1*2*3*4*5*6*7*8*9

ans =

      362880

diary off